#0
1 0.0 0
2 0.0 1

#1
0 0.0 0
3 0.0 2
4 0.0 0

#2
0 0.0 1
3 0.0 1

#3
1 0.0 2
2 0.0 1
5 0.0 1

#4
1 0.0 0
6 0.0 5
7 0.0 3
8 0.0 4

#5
3 0.0 1
6 0.0 6

#6
4 0.0 5
5 0.0 6
9 0.0 6

#7
4 0.0 3
10 0.0 7
11 0.0 3

#8
4 0.0 4
12 0.0 4
13 0.0 8

#9
6 0.0 6
14 0.0 9

#10
7 0.0 7
11 0.0 3
15 0.0 3

#11
7 0.0 3
10 0.0 3

#12
8 0.0 4
15 0.0 10
16 0.0 4

#13
8 0.0 8
14 0.0 8

#14
9 0.0 9
13 0.0 8
17 0.0 9

#15
10 0.0 3
12 0.0 10
18 0.0 3
19 0.0 11

#16
12 0.0 4
19 0.0 12
20 0.0 12

#17
14 0.0 9
20 0.0 12
21 0.0 9

#18
15 0.0 3
22 0.0 12
23 0.0 3

#19
15 0.0 11
16 0.0 12
22 0.0 12

#20
16 0.0 12
17 0.0 12
24 0.0 13

#21
17 0.0 9
25 0.0 9

#22
18 0.0 12
19 0.0 12

#23
18 0.0 3
26 0.0 3
27 0.0 14

#24
20 0.0 13
25 0.0 15
28 0.0 13

#25
21 0.0 9
24 0.0 15
29 0.0 9

#26
23 0.0 3
30 0.0 3
30 0.0 16

#27
23 0.0 14
28 0.0 14

#28
24 0.0 13
27 0.0 14
31 0.0 13

#29
25 0.0 9
32 0.0 9
33 0.0 17

#30
26 0.0 3
26 0.0 16
31 0.0 3

#31
28 0.0 13
30 0.0 3
34 0.0 3

#32
29 0.0 9
35 0.0 18
36 0.0 9

#33
29 0.0 17
37 0.0 3
38 0.0 19
39 0.0 3

#34
31 0.0 3
40 0.0 20
41 0.0 3

#35
32 0.0 18
36 0.0 3
42 0.0 3

#36
32 0.0 9
35 0.0 3

#37
33 0.0 3
43 0.0 3

#38
33 0.0 19
39 0.0 19
44 0.0 21

#39
33 0.0 3
38 0.0 19
42 0.0 3

#40
34 0.0 20

#41
34 0.0 3
43 0.0 3
43 0.0 22

#42
35 0.0 3
39 0.0 3
44 0.0 21

#43
37 0.0 3
41 0.0 3
41 0.0 22

#44
38 0.0 21
42 0.0 21
45 0.0 21

#45
44 0.0 21