#0
1 1.6 0
2 2.1 0 

#1
0 1.6 0
3 0.9 1
4 0.7 0
5 3.4 1

#2
0 2.1 0
6 1.3 0
7 2.6 4
8 20.7 2

#3
1 0.9 1
4 1.3 3
9 7.0 1

#4
1 0.7 0
3 1.3 3
10 1.3 0

#5
1 3.4 1
10 4.8 1
11 15.8 1

#6
2 1.3 0
12 5.2 0
13 6.1 4

#7
2 2.6 4
13 5.0 4

#8
2 20.7 2
11 14.3 6
14 25.8 6
15 10.6 2

#9
3 7.0 1
16 0.7 0
17 9.9 0

#10
4 1.3 0
5 4.8 1
17 6.8 0
18 18.2 7

#11
5 15.8 1
8 14.3 6
18 5.9 6
19 5.4 6
20 18.6 1

#12
6 5.2 0
13 5.5 8
16 4.8 0

#13
6 6.1 4
7 5.0 4
12 5.5 8
14 9.3 4
21 10.6 8

#14
8 25.8 6
13 9.3 4
21 1.9 6
22 7.8 4

#15
8 10.6 2
23 67.5 2
24 32.9 9

#16
9 0.7 0
12 4.8 0
25 22.5 3

#17
9 9.9 0
10 6.8 0
26 10.0 10
27 11.4 5

#18
10 18.2 7
11 5.9 6
19 7.8 7

#19
11 5.4 6
18 7.8 7
28 17.0 7

#20
11 18.6 1
28 3.8 11
29 16.1 9

#21
13 10.6 8
14 1.9 6
22 7.4 8
25 25.9 6

#22
14 7.8 4
21 7.4 8
30 30.6 12
31 34.4 13
32 50.3 4

#23
15 67.5 2
32 50.2 14
33 16.5 14

#24
15 32.9 9
29 13.1 9
69 30.5 9

#25
16 22.5 3
21 25.9 6
34 4.7 3
35 3.9 6

#26
17 10.0 10
35 20.4 15
36 5.8 15

#27
17 11.4 5
36 1.7 15
37 3.5 5

#28
19 17.0 7
20 3.8 11
38 31.3 11
39 19.1 16

#29
20 16.1 9
24 13.1 9
40 21.6 1

#30
22 30.6 12
41 21.2 17
42 60.9 17

#31
22 34.4 13
42 35.9 13

#32
22 50.3 4
23 50.2 14
43 84.4 18
44 28.9 4

#33
23 16.5 14
45 94.1 2
46 10.1 19

#34
25 4.7 3
35 7.6 15
41 6.9 20
55 9.9 3

#35
25 3.9 6
26 20.4 15
34 7.6 15

#36
26 5.8 15
27 1.7 15
47 4.1 15

#37
27 3.5 5
48 3.0 21
49 5.3 5

#38
28 31.3 11
50 32.2 22
51 88.1 11

#39
28 19.1 16
40 13.8 23
51 70.4 16

#40
29 21.6 1
39 13.8 23
52 40.4 1

#41
30 21.2 17
34 6.9 20
53 30.3 20
54 11.1 24
55 9.9 17

#42
30 60.9 17
31 35.9 13
56 4.4 13

#43
32 84.4 18
56 7.3 26
57 13.8 25 

#44
32 28.9 4
58 40.5 27
59 11.7 4

#45
33 94.1 2
60 59.2 2

#46
33 10.1 19
61 45.5 19
62 9.5 19

#47
36 4.1 15
63 1.3 21
64 2.2 21

#48
37 3.0 21
64 0.5 21
65 1.7 21

#49
66 6.1 28
67 1.8 5

#50
38 32.2 22

#51
38 88.1 11
39 70.4 16

#52
40 40.4 1
68 3.2 1
69 31.8 9

#53
41 30.3 20

#54
41 11.1 24

#55
70 8.8 28
71 99.6 3

#56
42 4.4 13
43 7.3 26
72 29.7 29

#57
43 13.8 25
73 38.0 26
74 55.3 25

#58
44 40.5 27

#59
44 11.7 4
75 42.1 4
76 20.4 30

#60
45 59.2 2

#61
46 45.5 19

#62
46 9.5 19

#63
47 1.3 21

#64
47 2.2 21
48 0.5 21
77 1.6 21

#65
48 1.7 21

#66
49 6.1 28

#67
49 1.8 5
78 9.5 31
79 22.1 5

#68
52 3.2 1

#69
24 30.5 9
52 31.8 9
80 14.2 32

#70
81 33.3 33

#71
55 99.6 3
82 26.7 3

#72
56 29.7 29

#73
57 38.0 26

#74
57 55.3 25

#75
59 42.1 4

#76
59 20.4 30

#77
64 1.6 21

#78
67 9.5 31
79 12.6 31

#79
67 22.1 5
78 12.6 31
81 12.1 5
83 23.9 10

#80
69 14.2 32

#81
70 33.3 33
79 12.1 5
84 46.0 5

#82
71 26.7 3
85 36.7 3
86 23.4 34

#83
79 23.9 10

#84
81 46.0 5
87 16.9 35

#85
82 36.7 3
88 9.5 36
89 11.7 3

#86
82 23.4 34

#87
84 16.9 35

#88
85 9.5 36

#89
85 11.7 3
90 13.3 37

#90
89 13.3 37